,0,1,2
0,DEATHS,YEAR,us
1,20497,2017,1
2,20403,2018,1
3,20302,2019,1
4,20188,2020,1
5,20057,2021,1
6,19912,2022,1
7,19753,2023,1
8,19584,2024,1
9,19410,2025,1
10,19234,2026,1
11,19055,2027,1
12,18871,2028,1
13,18685,2029,1
14,18497,2030,1
15,18311,2031,1
16,18130,2032,1
17,17956,2033,1
18,17789,2034,1
19,17633,2035,1
20,17487,2036,1
21,17350,2037,1
22,17219,2038,1
23,17093,2039,1
24,16972,2040,1
25,16852,2041,1
26,16738,2042,1
27,16627,2043,1
28,16520,2044,1
29,16415,2045,1
30,16314,2046,1
31,16217,2047,1
32,16121,2048,1
33,16027,2049,1
34,15932,2050,1
35,15834,2051,1
36,15737,2052,1
37,15638,2053,1
38,15537,2054,1
39,15434,2055,1
40,15328,2056,1
41,15222,2057,1
42,15115,2058,1
43,15007,2059,1
44,14899,2060,1
